Layout:
00 00 00 00 00 00 00 00 00 00 00 00 
00 00 00 44 00 00 00 00 55 00 00 00 
00 33 00 00 00 00 66 00 00 00 00 00 
00 00 00 00 00 00 00 00 00 00 00 00 
00 00 00 00 00 00 00 00 00 00 00 00 
00 00 00 00 00 00 00 00 00 00 00 00 
00 00 00 00 00 00 00 00 00 00 00 00 
00 00 00 00 00 00 00 00 00 00 00 00

Stock:
31 34 61 65 43 43 45 35 45 11 12 13 14 15 16 21 22 23 24 25 26 32 36 41 42 46 51 52 53 54 61 62 63 64 11 12 13 14 15 16 21 22 23 24 25 26 31 32 33 34 35 36 41 42 44 
46 51 52 53 54 55 56 61 62 63 64 65 66

Human Score:
0

Computer Score:
0

Next Player:
Human