Layout:
11 21 31 34 54 56 00 00 00 00 00 11 
11 00 00 00 00 55 00 00 00 00 00 11 
11 00 00 00 00 35 00 00 00 00 00 11 
11 00 00 00 00 33 23 00 00 00 00 11 
11 00 00 00 00 23 33 00 00 00 00 11 
11 00 00 00 00 00 43 00 00 00 00 11 
11 00 00 00 00 00 45 00 00 00 00 11 
11 00 00 00 00 00 65 55 45 43 41 11

Stock:
66 23 32 44 45 62 35 43 25 44 45 11 
22 22 33 46 42 42 23 34 56 66 66 33

Score:
21

///////////////////////////////////

Layout:
00 00 00 00 00 00 00 00 00 00 00 00 
00 11 00 22 00 33 00 44 00 55 00 66 
00 00 00 00 00 00 00 00 00 00 00 00 
00 00 00 00 12 13 00 00 00 00 00 00 
00 00 00 00 13 23 00 00 00 00 00 00 
00 00 00 00 00 00 00 00 00 00 00 00 
00 00 00 00 00 00 00 00 00 00 00 00 
00 00 00 00 00 00 00 00 00 00 00 00

Stock:
31 24 53 25 64 23 41 14 51 15 

Score:
3

///////////////////////////////////

Layout:
13 00 31 00 21 00 12 00 45 00 56 00 
00 11 00 22 00 33 00 44 00 55 00 66 
00 00 00 00 00 00 00 00 00 00 00 00 
00 00 00 00 12 13 00 00 00 00 00 00 
00 00 00 00 13 23 00 00 00 00 00 00 
00 00 00 00 00 00 00 00 00 00 00 00 
00 00 00 00 00 00 00 00 00 00 00 00 
00 00 00 00 00 00 00 00 00 00 00 00

Stock:
11 11 12 21 13 31 14 41  

Score:
3

///////////////////////////////////

Layout:
22 00 32 00 00 00 66 00 21 21 11 12
23 24 00 66 61 61 62 00 00 00 00 22
00 25 52 00 00 00 00 35 33 00 00 62
00 00 53 00 12 13 00 35 36 00 43 63
14 00 55 00 13 23 00 00 26 36 00 00
11 16 56 00 00 63 00 52 00 16 26 25
15 00 00 24 00 64 00 55 45 00 00 65
54 51 56 54 44 14 00 45 00 00 00 15

Stock:
25 31 31 32 34 41 41 42 42 43 44 46 46 51 53 64 65

Score:
47

///////////////////////////////////

Layout:
00 00 00 00 00 00 00 00 00 00 00 00
00 00 00 00 00 00 00 00 00 00 00 00
00 00 00 00 00 00 00 00 00 00 00 00
00 00 00 00 12 13 00 00 00 00 00 00
00 00 00 00 13 23 00 00 00 00 00 00
00 00 00 00 00 00 00 00 00 00 00 00
00 00 00 00 00 00 00 00 00 00 00 00
00 00 00 00 00 00 00 00 00 00 00 00

Stock:
11 23 32 44 45 62 35 43 ...

Score:
3